000000000000000000000000000000000000000000000000000000000000000000000000000000000000000000000000000000000000000000000000000000000000000000000000000000000000000000000000000000000000
011111111111111111111111111111111111111111111111111111111111111111111111111111111111111111111111111111111111111111111111111111111111111111111111111111111111111111111111111111111110
011111111111111111111111111111111111111111111111111111111111111111111111111111111111111111111111111111111111111111111111111111111111111111111111111111111111111111111111111111111110
011111111111111111111111111111111111111111111111111111111111111111110000000000000000000000000000000000000000000000000000000000000011111111111111111111111111111111111111111111111110
011111111111111111111111111111111111111111111111111111111111111111111111111111111111111111111111111111111111111111111111111111111011111111111111111111111111111111111111S11111111110
011111111111111111111111111111111111111111111111111111111111111111111111111111111111111111111111111111111111111111111111111111111011111111111111111111111111111111111111111111111110
011111111111111111111111111111111111111111111111111111111111111111111111111111111111111111111111111111111111111111111111111111111011111111111111111111111111111111111111111111111110
111111111111111111111111111111111111111111111111111111111111111111111111111111111111111111111111111111111111111111111111111111111011111111111111111111111111111111111111111111111111
011111111111111111111111111111111111111111111111111111111111111111111111111100000000000000000000000000000000000000000000000000010000000000000011111111111111111111111111111111111110
011111111111111111111111111111111111111111111111111111111111111111111111111101111111111111111111111111111111011111111111111111111111111111111011111111111111111111111111111111111110
011111111111111111111111111111111111111111111111111111111111111111111111111101100000011111111111111111111111011111111111111111111111111111111011111111111111111111111111111111111110
011111111111111111111111111111111111111111111111111111111111111111111111111101010111011111111111111111111111011111111111111111111111111111111011111111111111111111111111111111111110
011111111111111111111111111111111111111111111111111111111111111111111111111101010101000000111111111111111111011111111111111111111111111111111011111111111111111111111111111111111110
011111111111111111111111111111111111111111111111111111111111111111111111111101111101111110111111111111111111111111111111111111111111111111111011111111111111111111111111111111111110
000000000000000000000000000000000000000000000000000000000000000000000000000000000000000010000000000000000000000000000000000000000000000000000000000000000000000000000000000000000000
011111111111111111111111111111111111111111111111111111111111111111111111111111111111111111011111111111111111111111111111111111111111111111111111111111111111111111111111111111111110
011111111111111111111111111111111111111111111111111111111111111111111111111111111110110000111111111111111111111111111111111111111110111111111111111111111111111111111111111111111110
011111111111111111111111111111111111111111111111111111111111111111111111111111111110111111111111111111111111111111111111111111111110111111111111111111111111111111111111111111111110
011111111111111111111111111111111111111111111111111111111111111111111111111111111110000000000001111111111111111111111111111111111110111111111111111111111111111111111111111111111110
011111111111111111111111111111111111111111111111111111111111111111111111111111111110111111111111111111111111111111111111111111111110111111111111111111111111111111111111111111111110
011111111111111111111111111111111111111111111111111111111111111111111111111111111110111111111111111111111111111111111111111111111110000000000000000000000000111111111111111111111110
011111111111111111111111111111111111111111111111111111111111111111111111111111111110000000000000000000000000000000000001101111111110111111111111111111111111111111111111111111111110
011111111111111111111111111111111111111111111111111111111111111111111111111111111110111111111111111111111111111111111111101111111110111111111111110111111111111111111111111111111110
011111111111111111111111111111111111111111111111111111111111111111111111111111111110100000000000000000000000000000000000001111111110111111111111110111111111111111111111111111111110
011111111111111111111111111111111111111111111111111111111111111111111111111111111110111111011111111111111111111111111111101111111110111111111111110111111111111111111111111111111110
011111111111111111111111111111111111111111111111111111111111111111111111111111111110111111011111111111111111111111111111101111111110111111111111110111111111111111111111111111111110
011111111111111111111111111111111111111111111111111111111111111111111111111111111110111111000000000000000000000111111111101111111110111111111111110111111111111111111111111111111110
011111111111111111111111111111111111111111111111111111111111111111111111111111111110111111011111111111111111111111111111101111111110111111111111110111111111111111111111111111111110
000000000000000000000000000000000000000000000000000000000000000000000000000000000000111111011111111111111111111111111111101111111110111111111111110111111111111111111111111111111110
011111111111111111111111111111111111111111111111111111111111111111111111111111111110111111111111111111111111111111111111101111111110111111111111110111111111111111111111111111111110
011111111111111111111111111111111111111111111111111111111111111111111111111111111110000000000000000000000000000000000000000000000000111111111111110111111111111111111111111111111110
011111111111111111111111111111111111111111111111111111111111111111111111111111111110111111111111111111111111111111111111111111111111111111111111110111111111111111111111111111111110
101111111111111111111111111111111111111111111111111E11111111111111111111111111111110111111111111111111111111111111111111111111111111111111111111110111111111111111111111111111111111
011111111111111111111111111111111111111111111111111111111111111111111111111111111110111111111111111111111111111111111111111111111111111111111111110111111111111111111111111111111110
011111111111111111111111111111111111111111111111111111111111111111111111111111111110111111111111111111111111111111111111111111111111111111111111110111111111111111111111111111111110
011111111111111111111111111111111111111111111111111111111111111111111111111111111110111111111111111111111111111111111111111111111111111111111111110111111111111111111111111111111110
011111111111111111111111111111111111111111111111111111111111111111111111111111111110000000000000000000000000000000000000000000000000000000000000000111111111111111111111111111111110
011111111111111111111111111111111111111111111111111111111111111111111111111111111110111111111111111111111111111111111111111111111111111111111111110111111111111111111111111111111110
011111111111111111111111111111111111111111111111111111111111111111111111111111111110111111111111111111111111111111111111111111111111111111111111110111111111111111111111111111111110
011111111111111111111111111111111111111111111111111111111111111111111111111111111110111111111111111111111111111111111111111111111111111111111111110111111111111111111111111111111110
011111111111111111111111111111111111111111111111111111111111111111111111111111111110111111111111111111111111111111111111111111111111111111111111110111111111111111111111111111111110
011111111111111111111111111111111111111111111111111111111111111111111111111111111110111111111111111111111111111111111111111111111111111111111111110111111111111111111111111111111110
011111111111111111111111111111111111111111111111111111111111111111111111111111111110111111111111111111111111111111111111111111111111111111111111110111111111111111111111111111111110
011111111111111111111111111111111111111111111111111111111111111111111111111111111110111111111111111111111111111111111111111111111111111111111111110111111111111111111111111111111110
011111111111111111111111111111111111111111111111111111111111111111111111111111111110111111111111111111111111111111111111111111111111111111111111110111111111111111111111111111111110
011111111111111111111111111111111111111111111111111111111111111111111111111111111110111111111111111111111111111111111111111111111111111111111111110111111111111111111111111111111110
011111111111111111111111111111111111111111111111111111111111111111111111111111111110111111111111111111111111111111111111111111111111111111111111110111111111111111111111111111111110
011111111111111111111111111111111111111111111111111111111111111111111111111111111110111111111111111111111111111111111111111111111111111111111111110111111111111111111111111111111110
011111111111111111111111111111111111111111111111111111111111111111111111111111111110111111111111111111111111111111111111111111111111111111111111110111111111111111111111111111111110
011111111111111111111111111111111111111111111111111111111111111111111111111111111110111111111111111111111111111111111111111111111111111111111111110111111111111111111111111111111110
011111111111111111111111111111111111111111111111111111111111111111111111111111111110111111111111111111111111111111111111111111111111111111111111110111111111111111111111111111111110
011111111111111111111111111111111111111111111111111111111111111111111111111111111110111111111111111111111111111111111111111111111111111111111111110111111111111111111111111111111110
011111111111111111111111111111111111111111111111111111111111111111111111111111111110111111111111111111111111111111111111111111111111111111111111110111111111111111111111111111111110
011111111111111111111111111111111111111111111111111111111111111111111111111111111111111111111111111111111111111111111111111111111111111111111111110111111111111111111111111111111110
011111111111111111111111111111111111111111111111111111111111111111111111111111111110111111111111111111111111111111111111111111111111111111111111110111111111111111111111111111111110
011111111111111111111111111111111111111111111111111111111111111111111111111111111110111111111111111111111111111111111111111111111111111111111111110111111111111111111111111111111110
011111111111111111111111111111111111111111111111111111111111111111111111111111111110111111111111111111111111111111111111111111111111111111111111111111111111111111111111111111111110